0 0.757377 0.740850 0.265489 0.388260
0 0.930819 0.225052 0.134639 0.291108
0 0.372675 0.836983 0.184304 0.260224
0 0.407909 0.576357 0.185678 0.281062
0 0.436998 0.315623 0.186785 0.251756
0 0.926325 0.484485 0.147349 0.277408
0 0.653961 0.505460 0.162218 0.229498
0 0.561918 0.904264 0.205525 0.191472
0 0.091410 0.663661 0.137692 0.210505
0 0.669801 0.243794 0.152137 0.199482
0 0.360822 0.169302 0.149168 0.222986
0 0.942231 0.730753 0.115538 0.291215
0 0.564672 0.147226 0.164103 0.271712
0 0.199715 0.850844 0.117949 0.127580
0 0.062966 0.098647 0.121362 0.197294
0 0.118954 0.471380 0.134658 0.234625
0 0.035504 0.331509 0.070234 0.232024
0 0.031502 0.869975 0.058445 0.196461
0 0.261598 0.701720 0.172819 0.209070
0 0.796840 0.498508 0.183887 0.253043
0 0.695764 0.096140 0.193807 0.192280
0 0.256980 0.466829 0.184615 0.273021
0 0.178348 0.218049 0.150427 0.173508
0 0.533903 0.428555 0.157265 0.232195
0 0.830484 0.327767 0.141880 0.173508
0 0.880912 0.110882 0.167521 0.209231
0 0.563818 0.582927 0.172650 0.173508