0 0.433588 0.717728 0.105284 0.204212
0 0.420703 0.258072 0.082621 0.145299
0 0.332434 0.631235 0.094117 0.185299
0 0.483362 0.805398 0.099752 0.173155
0 0.091632 0.853957 0.106918 0.241025
0 0.761241 0.783751 0.152664 0.274517
0 0.683523 0.109924 0.098291 0.162393
0 0.506459 0.128505 0.103842 0.208318
0 0.258293 0.237131 0.125040 0.230994
0 0.344492 0.079577 0.086895 0.157565
0 0.123077 0.526211 0.092308 0.167521
0 0.119658 0.141595 0.078632 0.136752
0 0.911111 0.233903 0.088889 0.170940
0 0.945299 0.406553 0.088889 0.208547
0 0.257597 0.800807 0.081197 0.131054
0 0.192782 0.580009 0.076923 0.168091
0 0.266144 0.508784 0.081197 0.150997
0 0.376543 0.427588 0.096866 0.170940
0 0.511159 0.619896 0.103989 0.202279
0 0.617284 0.852089 0.071225 0.153846
0 0.798908 0.476021 0.081197 0.205128
0 0.754036 0.258072 0.071225 0.145299
0 0.715575 0.407645 0.102564 0.153846
0 0.613723 0.363485 0.072650 0.162393
0 0.540361 0.276591 0.131054 0.210826
0 0.626543 0.162631 0.072650 0.119658
0 0.684235 0.266619 0.085470 0.185185
0 0.913580 0.062797 0.111111 0.125594
0 0.184948 0.079891 0.092593 0.159782
0 0.174264 0.364910 0.091168 0.159544
0 0.570988 0.508784 0.084046 0.150997
0 0.867284 0.748101 0.101140 0.190883