0 0.190603 0.852041 0.239095 0.288049
0 0.440630 0.427220 0.196937 0.223766
0 0.453090 0.261774 0.177831 0.217265
0 0.450831 0.653050 0.228045 0.308148
0 0.585476 0.921855 0.218239 0.156290
0 0.039889 0.471132 0.079778 0.180139
0 0.753686 0.714781 0.250235 0.247113
0 0.644101 0.430716 0.141512 0.182448
0 0.871901 0.423788 0.176027 0.173210
0 0.910927 0.118938 0.178146 0.233256
0 0.780435 0.096998 0.176027 0.193995
0 0.527612 0.115473 0.184656 0.212471
0 0.315344 0.636259 0.139786 0.214781
0 0.362802 0.937644 0.131158 0.124711
0 0.073738 0.721709 0.125980 0.154734
0 0.194541 0.491917 0.119077 0.166282
0 0.093584 0.221709 0.141512 0.143187
0 0.325699 0.060046 0.160495 0.120092