0 0.761259 0.153580 0.162818 0.163972
0 0.886836 0.389145 0.147229 0.154734
0 0.896363 0.779446 0.183603 0.182448
0 0.593245 0.803695 0.159353 0.180139
0 0.366339 0.840647 0.173210 0.184758
0 0.172344 0.566975 0.162818 0.191686
0 0.150693 0.327945 0.219977 0.198614
0 0.187933 0.172055 0.200924 0.163972
0 0.409642 0.174365 0.148961 0.159353
0 0.685912 0.333718 0.119515 0.145497
0 0.386259 0.372979 0.095266 0.136259
0 0.351617 0.575058 0.154157 0.175520
0 0.517898 0.669746 0.116051 0.133949
0 0.591513 0.524249 0.121247 0.166282
0 0.830543 0.495381 0.121247 0.108545
0 0.834007 0.594688 0.142032 0.140878
0 0.698903 0.548499 0.135104 0.131640
0 0.697171 0.860277 0.110855 0.131640