0 0.866339 0.200924 0.155889 0.193995
0 0.753436 0.063902 0.210077 0.127804
0 0.448903 0.655889 0.138568 0.166282
0 0.412874 0.746967 0.177365 0.238168
0 0.817841 0.934666 0.121247 0.127993
0 0.693995 0.633949 0.157621 0.187067
0 0.593533 0.464203 0.185335 0.203233
0 0.746824 0.421478 0.145497 0.228637
0 0.249711 0.173210 0.135104 0.166282
0 0.195150 0.524249 0.168014 0.184758
0 0.923643 0.403002 0.152714 0.187067
0 0.632506 0.846420 0.138568 0.168591
0 0.635104 0.135104 0.116051 0.145497
0 0.764145 0.224018 0.128176 0.147806
0 0.242783 0.889145 0.138568 0.166282
0 0.063510 0.443418 0.116051 0.170901
0 0.850751 0.772517 0.124711 0.154734
0 0.388279 0.557737 0.121247 0.145497
0 0.288684 0.311778 0.136836 0.184758