0 0.521083 0.494872 0.169231 0.243590
0 0.691168 0.279487 0.170940 0.223077
0 0.895442 0.255128 0.131624 0.241026
0 0.732194 0.611538 0.160684 0.241026
0 0.921652 0.650000 0.156695 0.307692
0 0.232194 0.482051 0.176068 0.269231
0 0.388604 0.315385 0.143590 0.202564
0 0.101424 0.192308 0.126496 0.176923
0 0.580057 0.155128 0.112821 0.174359
0 0.393732 0.700000 0.198291 0.315385
0 0.211681 0.793590 0.189744 0.225641
0 0.564672 0.710256 0.136752 0.187179
0 0.121083 0.616667 0.169231 0.205128
0 0.732194 0.456410 0.143590 0.161538