0 0.674374 0.450669 0.175578 0.229462
0 0.589707 0.131924 0.131174 0.179552
0 0.697267 0.096046 0.130333 0.170096
0 0.781766 0.541173 0.205128 0.259903
0 0.774929 0.220798 0.143590 0.169837
0 0.565527 0.331449 0.138462 0.200717
0 0.460399 0.250391 0.126496 0.167264
0 0.392877 0.528306 0.100855 0.167264
0 0.205698 0.353322 0.143590 0.177557
0 0.263818 0.146172 0.102564 0.154398
0 0.084330 0.402215 0.112821 0.162117
0 0.345869 0.273550 0.129915 0.187850
0 0.054986 0.061506 0.109971 0.123012
0 0.037037 0.265830 0.074074 0.218730
0 0.164672 0.249104 0.133333 0.154398
0 0.215954 0.049926 0.102564 0.099852