0 0.917684 0.235022 0.143064 0.130417
0 0.223189 0.569216 0.286128 0.228230
0 0.101634 0.489743 0.203268 0.259476
0 0.413338 0.463932 0.253532 0.207852
0 0.230433 0.384459 0.268019 0.192909
0 0.598959 0.370194 0.222746 0.175248
0 0.397945 0.322646 0.237233 0.164380
0 0.713954 0.311099 0.210069 0.157587
0 0.558213 0.239098 0.202825 0.154870
0 0.744740 0.191550 0.228178 0.119549
0 0.454989 0.112756 0.134010 0.135851
0 0.345428 0.146719 0.132199 0.149436
0 0.230433 0.147398 0.162985 0.177965
0 0.124493 0.193588 0.128577 0.158946
0 0.061794 0.203777 0.123588 0.220079