0 0.378233 0.526924 0.229898 0.320520
0 0.686221 0.661835 0.252192 0.393147
0 0.100623 0.660984 0.201246 0.327296
0 0.128681 0.148641 0.217806 0.296365
0 0.876098 0.143279 0.214469 0.286558
0 0.345502 0.173775 0.213104 0.347550
0 0.131432 0.412705 0.234547 0.329366
0 0.404526 0.845876 0.167717 0.250002
0 0.557873 0.110323 0.195517 0.220645
0 0.716302 0.100722 0.228873 0.201443
0 0.946204 0.497932 0.107073 0.263017
0 0.876656 0.384423 0.240778 0.315751
0 0.858087 0.875653 0.278931 0.248694
0 0.660693 0.284225 0.186384 0.308433