0 0.265310 0.511738 0.229236 0.342579
0 0.321101 0.134194 0.241037 0.268388
0 0.908701 0.223808 0.181520 0.278059
0 0.635064 0.317231 0.208437 0.322626
0 0.874347 0.826117 0.169846 0.266958
0 0.364562 0.747698 0.177295 0.253564
0 0.780367 0.559141 0.166658 0.255819
0 0.077087 0.140962 0.154173 0.281924
0 0.075882 0.375321 0.151764 0.248365
0 0.389420 0.893229 0.190711 0.213542
0 0.375393 0.805718 0.193999 0.385853
0 0.815772 0.107318 0.176822 0.214635
0 0.183203 0.751068 0.169302 0.288570
0 0.950998 0.416857 0.098004 0.344981
0 0.531339 0.570860 0.193162 0.237059
0 0.499715 0.127662 0.164103 0.231906
0 0.471510 0.404661 0.172650 0.229329
0 0.677493 0.876203 0.184615 0.224176