1 0.065476 0.455270 0.130952 0.319822
1 0.231399 0.380346 0.203869 0.281801
1 0.409970 0.270757 0.165179 0.201287
1 0.505952 0.226026 0.163690 0.192341
1 0.278274 0.101900 0.139881 0.199050
1 0.140625 0.844424 0.281250 0.306403
1 0.293155 0.738189 0.238095 0.241544
1 0.411458 0.520129 0.162202 0.310876
1 0.543155 0.493290 0.220238 0.310876
1 0.677827 0.418367 0.174107 0.250490
1 0.801339 0.338971 0.120536 0.149847
1 0.729167 0.105254 0.101190 0.116299
1 0.656250 0.132093 0.065476 0.102880
1 0.939732 0.214844 0.120536 0.138664
1 0.117560 0.122028 0.175595 0.212469
