1 0.210565 0.559580 0.221726 0.301275
1 0.105655 0.260554 0.211310 0.211342
1 0.286458 0.279665 0.194940 0.195604
1 0.069196 0.552835 0.138392 0.242818
1 0.150298 0.831627 0.300595 0.323758
1 0.330357 0.791157 0.294643 0.409194
1 0.394345 0.441544 0.235119 0.258557
1 0.476935 0.190856 0.224702 0.247315
1 0.636161 0.113289 0.203869 0.218087
1 0.520089 0.769798 0.203869 0.451912
1 0.658482 0.620285 0.233631 0.611542
1 0.811756 0.610168 0.257440 0.465402
1 0.845982 0.215588 0.194940 0.247315
1 0.915923 0.473020 0.168154 0.510368
