1 0.517090 0.906400 0.213624 0.187200
1 0.727510 0.931200 0.284120 0.137600
1 0.898409 0.865600 0.194398 0.108800
1 0.470093 0.776800 0.247804 0.164800
1 0.687989 0.819200 0.217896 0.128000
1 0.722169 0.696800 0.196534 0.126400
1 0.471161 0.675200 0.173035 0.102400
1 0.403869 0.630400 0.158082 0.128000
1 0.587586 0.628000 0.170899 0.113600
1 0.888796 0.739200 0.196534 0.115200
1 0.724305 0.599200 0.158082 0.107200
1 0.350463 0.529600 0.183717 0.092800
1 0.646332 0.483200 0.126038 0.057600
1 0.512817 0.528000 0.102540 0.054400
1 0.803346 0.421600 0.106812 0.052800
1 0.590790 0.534400 0.117493 0.076800
1 0.890932 0.556000 0.162354 0.081600
1 0.344054 0.452800 0.119629 0.054400
