0 0.205698 0.292825 0.119658 0.180152
0 0.099430 0.721330 0.198860 0.357730
0 0.304843 0.722616 0.205128 0.360304
0 0.503134 0.714896 0.184615 0.283096
0 0.680057 0.703314 0.206838 0.229050
0 0.898575 0.708462 0.202849 0.301111
0 0.896296 0.474264 0.170940 0.223903
0 0.707407 0.487132 0.138462 0.244492
0 0.574929 0.465256 0.129915 0.205888
0 0.466382 0.530883 0.155556 0.193020
0 0.292877 0.488419 0.119658 0.180152
0 0.172365 0.500000 0.152137 0.146695
0 0.310826 0.267089 0.124786 0.190446
0 0.414245 0.264516 0.140171 0.175005
0 0.549288 0.274810 0.147009 0.185299
0 0.682621 0.241353 0.133333 0.169858
0 0.789459 0.278670 0.124786 0.172431
0 0.898006 0.264516 0.123077 0.216182
0 0.115100 0.290252 0.126496 0.154416
0 0.190313 0.098519 0.085470 0.105518
0 0.357835 0.088224 0.078632 0.115812
0 0.603989 0.099805 0.099145 0.102944
0 0.526211 0.092085 0.083761 0.118386
0 0.449288 0.089511 0.117949 0.144122
0 0.867236 0.067635 0.099145 0.115812
0 0.786895 0.074069 0.082051 0.108091
0 0.287749 0.079217 0.088889 0.118386