0 0.648810 0.404762 0.190476 0.183754
0 0.718750 0.852941 0.157738 0.215126
0 0.613839 0.845098 0.159226 0.239776
0 0.669643 0.670308 0.199405 0.168067
0 0.624256 0.552661 0.191964 0.174790
0 0.637649 0.250140 0.174107 0.165826
0 0.498512 0.796919 0.110119 0.210644
0 0.419643 0.914566 0.175595 0.168067
0 0.811012 0.068627 0.127976 0.134454
0 0.847470 0.209804 0.132440 0.188235
0 0.852679 0.344258 0.136905 0.138936
0 0.880952 0.493277 0.184524 0.154622
0 0.921875 0.607563 0.156250 0.194958
0 0.902530 0.765546 0.135417 0.134454
0 0.916667 0.911204 0.163690 0.170308
0 0.099702 0.924230 0.166667 0.151540
0 0.191220 0.835014 0.168155 0.215126
0 0.151042 0.654622 0.230655 0.203922
0 0.145833 0.484314 0.181548 0.262185
0 0.149554 0.315126 0.150298 0.156863
0 0.173363 0.189636 0.156250 0.219608
0 0.151042 0.074650 0.186012 0.149300
0 0.407738 0.545938 0.190476 0.264426
0 0.459821 0.745378 0.184524 0.250980
0 0.379464 0.339776 0.175595 0.259944