0 0.374400 0.968000 0.216000 0.064000
0 0.614400 0.953600 0.142400 0.092800
0 0.738400 0.972800 0.137600 0.054400
0 0.718400 0.890400 0.116800 0.104000
0 0.091200 0.726400 0.100800 0.099200
0 0.036000 0.762400 0.060800 0.094400
0 0.107200 0.656800 0.068800 0.052800
0 0.040800 0.673600 0.076800 0.083200
0 0.216000 0.567200 0.078400 0.056000
0 0.492000 0.925600 0.121600 0.113600
0 0.380000 0.823200 0.108800 0.059200
0 0.394400 0.872000 0.121600 0.083200
0 0.508800 0.847200 0.116800 0.084800
0 0.478400 0.803200 0.100800 0.070400
0 0.615200 0.853600 0.156800 0.126400
0 0.864000 0.952000 0.132800 0.096000
0 0.830400 0.876800 0.123200 0.099200
0 0.628000 0.747200 0.102400 0.108800
0 0.531200 0.741600 0.116800 0.068800
0 0.413600 0.740800 0.121600 0.080000
0 0.769600 0.812800 0.126400 0.080000
0 0.759200 0.682400 0.102400 0.075200
0 0.808800 0.746400 0.121600 0.081600
0 0.447200 0.668800 0.121600 0.070400
0 0.533600 0.672000 0.080000 0.080000
0 0.629600 0.664800 0.083200 0.065600