0 0.219494 0.802579 0.177083 0.166667
0 0.363095 0.703373 0.154762 0.182540
0 0.072173 0.758929 0.138393 0.150794
0 0.364583 0.594246 0.157738 0.115079
0 0.471726 0.535714 0.125000 0.101190
0 0.476190 0.450397 0.119048 0.089286
0 0.557292 0.378968 0.081845 0.113095
0 0.501488 0.343254 0.077381 0.109127
0 0.294643 0.480159 0.122024 0.093254
0 0.084821 0.545635 0.136905 0.144841
0 0.166667 0.346230 0.136905 0.134921
0 0.317708 0.329365 0.135417 0.109127
0 0.495536 0.856151 0.065476 0.087302
0 0.550595 0.863095 0.095238 0.101190
0 0.639881 0.851190 0.095238 0.109127
0 0.612351 0.677579 0.093750 0.083333
0 0.664435 0.606151 0.087798 0.075397
0 0.901042 0.709325 0.078869 0.099206
0 0.662946 0.774802 0.090774 0.095238
0 0.596726 0.764881 0.098214 0.087302
0 0.808036 0.885913 0.107143 0.099206
0 0.834821 0.814484 0.095238 0.075397
0 0.764137 0.708333 0.108631 0.093254
0 0.744048 0.575397 0.095238 0.101190
0 0.600446 0.514881 0.072917 0.063492
0 0.938988 0.601190 0.074405 0.109127
0 0.968006 0.748016 0.063988 0.101190
0 0.919643 0.845238 0.098214 0.081349
0 0.918899 0.921627 0.084821 0.063492
0 0.892113 0.503968 0.058036 0.069444
0 0.782738 0.500000 0.065476 0.077381
0 0.720238 0.433532 0.077381 0.067460
0 0.676339 0.484127 0.052083 0.073413
0 0.607887 0.456349 0.061012 0.053571
0 0.942708 0.512897 0.069940 0.067460
0 0.818452 0.627976 0.056548 0.071429
0 0.731399 0.877976 0.066964 0.091270
0 0.734375 0.783730 0.066964 0.061508
0 0.162202 0.650794 0.211310 0.156746
0 0.828125 0.572421 0.066964 0.063492
0 0.872768 0.563492 0.066964 0.089286