0 0.321926 0.485255 0.217128 0.240687
0 0.605571 0.464802 0.389728 0.451472
0 0.877851 0.295079 0.244299 0.386382
0 0.580644 0.868075 0.432698 0.263750
0 0.580290 0.498333 0.295835 0.388012
0 0.852576 0.830091 0.294211 0.335618
0 0.565124 0.547644 0.258405 0.282841
0 0.453545 0.789565 0.299915 0.243150
0 0.209536 0.715988 0.327103 0.192616
0 0.203703 0.769638 0.330552 0.315608
0 0.566107 0.913870 0.444351 0.172245
0 0.189652 0.238625 0.378608 0.471866
0 0.317459 0.526218 0.199855 0.155518
0 0.901584 0.831117 0.194996 0.332199
