0 0.757377 0.740850 0.265489 0.388260
0 0.930819 0.225052 0.134639 0.291108
0 0.372675 0.836983 0.184304 0.260224
0 0.663437 0.246627 0.177427 0.235404
0 0.407909 0.576357 0.185678 0.281062
0 0.558476 0.135369 0.197537 0.263733
0 0.436998 0.315623 0.186785 0.251756
0 0.926325 0.484485 0.147349 0.277408
0 0.653961 0.505460 0.162218 0.229498
0 0.561918 0.904264 0.205525 0.191472
0 0.202893 0.490863 0.301782 0.282411
0 0.091410 0.663661 0.137692 0.210505
0 0.667083 0.212167 0.198128 0.262735
0 0.360822 0.169302 0.149168 0.222986
0 0.942231 0.791371 0.115538 0.412451
0 0.629780 0.141541 0.331380 0.283081
0 0.040482 0.852935 0.080963 0.294129
0 0.118290 0.098647 0.232010 0.197295
0 0.118954 0.471380 0.134658 0.234625
0 0.035504 0.282057 0.070234 0.330928
0 0.030362 0.796499 0.060725 0.343413
0 0.261598 0.701720 0.172819 0.209070
0 0.796840 0.498508 0.183887 0.253043
0 0.623550 0.096140 0.338235 0.192280
