0 0.239394 0.247232 0.199443 0.185135
0 0.443324 0.525451 0.145246 0.144134
0 0.069015 0.341163 0.138030 0.188919
0 0.257466 0.514035 0.153683 0.121847
0 0.041112 0.264362 0.082223 0.145450
0 0.196556 0.134016 0.138292 0.147519
0 0.567454 0.407883 0.108619 0.106500
0 0.286143 0.586142 0.125766 0.119849
0 0.614319 0.270593 0.152425 0.140878
0 0.751732 0.585835 0.127021 0.152425
0 0.695150 0.653965 0.157044 0.196305
0 0.159353 0.636644 0.203233 0.203233
0 0.451501 0.255581 0.117783 0.138568
0 0.359122 0.341032 0.163972 0.120092
0 0.289838 0.060816 0.131640 0.121632
0 0.504619 0.709392 0.154734 0.136259
0 0.423788 0.633179 0.228637 0.150115
0 0.643187 0.529253 0.113164 0.127021
0 0.766744 0.432256 0.161663 0.136259
0 0.762125 0.196690 0.096998 0.145497