0 0.403199 0.404104 0.305107 0.295930
0 0.122573 0.562563 0.245146 0.319713
0 0.731808 0.436508 0.231221 0.249200
0 0.925841 0.683924 0.148318 0.223520
0 0.528616 0.583133 0.199170 0.192105
0 0.440638 0.855742 0.258653 0.200109
0 0.330426 0.188915 0.235872 0.229244
0 0.053765 0.432657 0.107530 0.227587
0 0.628181 0.489660 0.170214 0.169709
0 0.735566 0.183988 0.233256 0.221709
0 0.349920 0.547757 0.278418 0.249463
0 0.819025 0.631213 0.186063 0.181370
0 0.474019 0.936277 0.243398 0.127257
0 0.760615 0.877766 0.217349 0.225996
0 0.231246 0.816782 0.176118 0.138568
0 0.457275 0.080446 0.235566 0.160892
0 0.907621 0.906851 0.175520 0.180139