0 0.500538 0.413778 0.300630 0.351411
0 0.082233 0.403850 0.164465 0.295231
0 0.105089 0.210750 0.195342 0.203793
0 0.872979 0.215166 0.133949 0.150115
0 0.671107 0.730241 0.259995 0.232121
0 0.857613 0.439723 0.174104 0.153755
0 0.272545 0.054371 0.240912 0.107747
0 0.841998 0.632767 0.235304 0.294151
0 0.410980 0.206680 0.188337 0.185706
0 0.539586 0.787349 0.203103 0.201290
0 0.581580 0.257057 0.224414 0.201060
0 0.063510 0.786759 0.127020 0.170901
0 0.720997 0.051740 0.219471 0.103216
0 0.191788 0.894534 0.184553 0.210931
0 0.200821 0.514114 0.216679 0.251696
0 0.236721 0.331794 0.224018 0.226328