0 0.579772 0.291533 0.208596 0.299912
0 0.096434 0.064945 0.192867 0.129889
0 0.185912 0.189376 0.139786 0.180139
0 0.769760 0.098690 0.231056 0.197379
0 0.961321 0.354640 0.076159 0.336514
0 0.480154 0.773672 0.155318 0.175520
0 0.160889 0.940995 0.127706 0.117555
0 0.095310 0.712471 0.155318 0.177829
0 0.553498 0.533487 0.208817 0.249423
0 0.335190 0.560046 0.138061 0.200924
0 0.076130 0.406467 0.152260 0.198614
0 0.343819 0.287529 0.106997 0.168591
0 0.264434 0.413395 0.148415 0.193995
0 0.418027 0.450346 0.117351 0.138568
0 0.423204 0.191686 0.169124 0.175520
0 0.879667 0.603926 0.139786 0.191686
0 0.758001 0.804850 0.100094 0.145497
0 0.757138 0.666282 0.136335 0.168591
0 0.734703 0.299076 0.150141 0.177829