0 0.688543 0.388967 0.279075 0.298751
0 0.255430 0.380956 0.379139 0.362132
0 0.441233 0.186445 0.262240 0.204367
0 0.872840 0.511799 0.236049 0.245060
0 0.071154 0.089772 0.140250 0.178830
0 0.865840 0.909743 0.253619 0.176683
0 0.492971 0.813772 0.140765 0.135756
0 0.774795 0.209279 0.190335 0.196092
0 0.477984 0.310355 0.220820 0.217737
0 0.915497 0.064095 0.168944 0.125294
0 0.657308 0.087318 0.124094 0.153647
0 0.142825 0.211084 0.185735 0.175019
0 0.924942 0.335258 0.131640 0.200924
0 0.249423 0.158584 0.170901 0.143187