1 0.746937 0.371440 0.107751 0.071594
1 0.643804 0.388183 0.123144 0.070439
1 0.723078 0.434950 0.127762 0.066975
1 0.626102 0.432640 0.115447 0.078522
1 0.714612 0.499038 0.147773 0.091224
1 0.577614 0.512895 0.169323 0.093533
1 0.686135 0.593726 0.177019 0.105081
1 0.534514 0.582179 0.169323 0.086605
1 0.488335 0.662433 0.150851 0.099307
1 0.642265 0.689569 0.200109 0.118938
1 0.447543 0.746728 0.161626 0.094688
1 0.594546 0.779831 0.197030 0.127021
1 0.372887 0.838722 0.166244 0.106236
1 0.512963 0.859507 0.181637 0.115473
1 0.339792 0.916667 0.140076 0.091224
1 0.509885 0.937452 0.163166 0.081986
