1 0.068452 0.584325 0.133929 0.206349
1 0.175595 0.516865 0.154762 0.174603
1 0.152530 0.304563 0.123512 0.123016
1 0.261161 0.302579 0.105655 0.103175
1 0.331845 0.330357 0.136905 0.126984
1 0.433780 0.283730 0.096726 0.132937
1 0.520089 0.310516 0.114583 0.103175
1 0.585565 0.318452 0.040179 0.059524
1 0.665923 0.341270 0.084821 0.180556
1 0.752976 0.318452 0.071429 0.134921
1 0.854911 0.319444 0.159226 0.172619
1 0.334821 0.546627 0.139881 0.174603
1 0.482887 0.503968 0.126488 0.136905
1 0.564732 0.528770 0.090774 0.150794
1 0.662946 0.528770 0.096726 0.170635
1 0.783482 0.514881 0.159226 0.146825
1 0.895833 0.544643 0.169643 0.107143
