1 0.202381 0.859933 0.148810 0.280134
1 0.276786 0.852679 0.142857 0.265625
1 0.245536 0.657366 0.130952 0.142857
1 0.080357 0.704241 0.160714 0.169643
1 0.081101 0.543527 0.159226 0.156250
1 0.097470 0.420759 0.099702 0.156250
1 0.158482 0.319196 0.090774 0.140625
1 0.090774 0.271205 0.074405 0.133929
1 0.162202 0.222098 0.089286 0.075893
1 0.271577 0.418527 0.093750 0.133929
1 0.310268 0.329241 0.114583 0.125000
1 0.287202 0.260045 0.125000 0.129464
1 0.444940 0.770089 0.169643 0.301339
1 0.444196 0.619420 0.212798 0.165179
1 0.425595 0.470982 0.125000 0.203125
1 0.441964 0.328125 0.107143 0.127232
1 0.445685 0.242188 0.093750 0.093750
1 0.796875 0.910156 0.159226 0.179688
1 0.694196 0.853237 0.156250 0.293526
1 0.660714 0.614955 0.151786 0.267857
1 0.562500 0.428571 0.166667 0.225446
1 0.686756 0.458705 0.138393 0.151786
1 0.909226 0.654018 0.181548 0.247768
1 0.968750 0.430804 0.062500 0.203125
1 0.829613 0.434152 0.120536 0.156250
1 0.917411 0.302455 0.138393 0.133929
1 0.807292 0.319196 0.147321 0.136161
1 0.568452 0.181920 0.071429 0.098214
1 0.606399 0.267857 0.093750 0.095982
1 0.756696 0.246652 0.096726 0.089286
