1 0.168155 0.714319 0.214286 0.240778
1 0.163690 0.304203 0.095238 0.198443
1 0.304315 0.214242 0.191964 0.251362
1 0.296131 0.462957 0.184524 0.341323
1 0.495536 0.163969 0.163690 0.261945
1 0.383929 0.605836 0.238095 0.325447
1 0.611607 0.387549 0.247024 0.201089
1 0.458333 0.349183 0.092262 0.293696
1 0.553571 0.661401 0.163690 0.494785
1 0.729167 0.554241 0.160714 0.222257
1 0.899554 0.494708 0.171131 0.304280
1 0.784970 0.351829 0.129464 0.177276
1 0.819196 0.243347 0.075893 0.129650
1 0.648810 0.242024 0.092262 0.148171
